"Tokyo" "Seoul" "Shanghai" "Beijing" "Guangzhou" "Hong Kong" "Taipei" "Osaka" "Singapore" "Bangkok" "Kuala Lumpur" "Jakarta" "Manila" "Hanoi" "Ho Chi Minh City" "Delhi" "Mumbai" "Kolkata" "Chennai" "Bangalore" "Hyderabad" "Ahmedabad" "Pune" "Jaipur" "Lucknow" "Istanbul" "Moscow" "Saint Petersburg" "London" "Paris" "Madrid" "Barcelona" "Berlin" "Frankfurt" "Munich" "Hamburg" "Rome" "Milan" "Naples" "Turin" "Lisbon" "Porto" "Athens" "Budapest" "Prague" "Warsaw" "Vienna" "Stockholm" "Copenhagen" "Amsterdam" "Rotterdam" "Brussels" "Zurich" "Geneva" "Dubai" "Abu Dhabi" "Riyadh" "Jeddah" "Doha" "Kuwait City" "Cairo" "Johannesburg" "Cape Town" "Pretoria" "Casablanca" "Algiers" "Tunis" "Mexico City" "Monterrey" "Guadalajara" "Buenos Aires" "Santiago" "Lima" "Bogotá" "Medellín" "Caracas" "São Paulo" "Rio de Janeiro" "Belo Horizonte" "Brasília" "Salvador" "Recife" "Fortaleza" "Porto Alegre" "Sydney" "Melbourne" "Brisbane" "Perth" "Vancouver" "Toronto"
"Tokyo" 0 1.83626213606297 1.22834694889984 0.363415314059351 1.33689829213995 1.02289722569949 0.463835419059988 1.75903396727916 0.816834757479923 0.46299627929079 1.97940057696091 1.07776114370011 0.312344809094304 1.61918416636586 1.07573041486894 0.160247713063875 1.78508935396025 1.19188397396263 0.69616877626878 1.66005019641738 0.975050071027556 0.361555518611562 2.01847859177765 0.925390273243921 0.816617972084454 1.85058114820654 1.04551962279973 0.331693598335072 2.12484173044806 1.09705828157021 0.337656718373097 1.99347627387026 0.773857416629543 0.0333799020412866 1.98625784997479 1.28721908874782 0.591714667414398 1.96022043267473 1.15140618505161 0.60602158649441 1.73083962466211 1.07466195546345 0.585816854645997 2.14151711277121 0.79660642365266 0.761413279059313 1.40899819356404 1.41013656549355 0.812935093271652 1.96116444915582 1.00278202148561 0.214615721639064 2.00878038627912 1.39028153004046 0.402955322382822 1.95042725179784 1.11810335082205 0.279167920290838 1.67170427148373 1.05716347328917 0.882364879743814 1.76152148847158 0.940165699011962 0.822681443822219 2.24015551836408 1.20176790871118 0.286503602628164 1.84250142302704 1.14373841069373 0.255666594557306 1.85515058299482 1.14365075390531 0.420220649713883 2.05743318596632 0.978645711214977 0.111855519694683 1.99265791663105 1.14536142623617 0.374996248377702 1.83200681457276 0.666152413046533 0.727250229084891 1.36107886505867 1.01037855872466 0.320232235000748 1.84536104063574 1.30480647725325 0.400658200117719 1.79822539310163 1.09371654226815
"Seoul" 1.83626213606297 0 0.974906979616343 1.09010889808353 0.38399989391607 0.813364910363477 0.974744672663074 0.0772281687838066 1.01942737858305 1.37326585677218 0.143138440897944 1.27108614366381 1.52391732696867 0.179704355547569 1.02877272719451 1.19711555016947 0.051172782102724 1.1165909400376 0.846386794479552 0.176211939645594 0.982713985210261 1.04588335803195 0.26214384555272 0.910871862819049 1.01964416397852 0.0143190121435726 0.79074251326324 1.06389169402418 0.288579594385089 1.24152921031153 1.07570817033764 0.14835165710134 1.11849675165113 1.33341480908148 0.529266302238289 0.630755449946918 0.991728026629618 0.252119352171764 0.739288464242365 0.874534526195691 0.511021133947099 0.751598949561689 1.02655701015415 0.216205724708074 0.969549603659321 0.901245413285012 0.393965153404029 0.581091579083505 0.916865488518774 0.211477520806177 0.674749262553449 1.2081583174513 0.181500194483014 0.724289558940726 1.14156661169443 0.094334896425115 0.711227370949376 1.22999527859691 0.289846495307917 0.82533559119439 0.913004157215569 0.328986709372727 0.823679240480732 0.894322935096855 0.422010807917454 0.669760149358707 1.26688253822682 0.163509638116714 0.607243083525025 1.28887986551843 0.354930575110899 0.778663228834689 1.11025114975776 0.2833500124065 1.05457451309913 1.4564318863911 0.1301138951574 0.727181278085873 1.0472558460839 0.104762753644735 1.11464465768852 1.02832392152499 0.603369544407962 0.743897324967464 1.1307033020305 0.40597520326657 0.606042175018312 1.1091323622958 0.116350319181886 0.845256497211808
"Shanghai" 1.22834694889984 0.974906979616343 0 0.824537170507732 0.728168788273772 0.20544972320035 1.10732302505104 0.53068701837932 0.41151219141992 0.765350669609053 0.751053628061071 0.297102747341513 0.916002139805539 0.828997570304565 0.107934736527511 1.0338436625385 0.556742405060403 0.146656208643276 0.722884223283497 0.431703247517533 0.20697961871186 1.13526532554577 0.854641074940833 0.302956675655923 0.411728976815389 0.622234199306699 0.182827326100114 1.0793555190413 0.896494781548215 0.267725575977281 1.23304129274584 1.11352586096393 0.324699040751463 1.52201556858957 1.49305103941555 0.380187770945329 1.40626877616194 1.22599381182516 0.321065278707286 1.0604400075585 1.42556698064928 0.367178383788558 1.46861515071861 1.09750556343871 0.390125461170886 1.39889263536122 1.13507892272406 0.399406407611265 1.46778056391051 1.18632669068219 0.569277040265504 1.44573615264786 1.1504143648163 0.250670631294793 1.51712564414068 1.05553862926002 0.385031513344921 1.57361832967793 1.18278977888731 0.287216498701093 1.51028654420162 1.2575784443649 0.403926612321611 1.43882637340794 1.38484312333032 0.378209277726757 1.65100500179164 0.833622911680223 0.519383505368266 1.66558909059652 1.30713655043509 0.276231835021542 1.47026829127476 1.25645807594505 0.176989907933828 1.84857945578963 1.08739279052399 0.341472881059416 1.20721840909667 1.06868879089842 0.41766907213948 1.58045707935212 1.37937250259222 0.441962165165918 1.39163304623319 1.35320949626279 0.40320057420624 1.44566234508045 1.06722115106671 0.232962260062858
"Beijing" 0.363415314059351 1.09010889808353 0.824537170507732 0 0.709305365063005 0.659481911640141 0.419452887494337 1.39561865321981 0.453419443420572 0.0995809652314386 1.61598526290156 0.971931967413909 0.0510705049650476 0.916910441720148 0.749480967324793 0.209864610588826 1.42167403990089 0.910772642663376 0.243897807844992 1.29663488235802 0.623608124091652 0.402598865145912 1.17405380652953 0.561974959184569 0.453202658025103 1.48716583414719 0.682104308740378 0.321291822525155 1.76142641638871 0.956930179830255 0.507387337397084 1.22685190485533 0.583880412959271 0.750146910619805 1.42244076062999 0.676288269788122 0.795815384766527 1.25965094100845 0.605337540202509 0.446127671035321 1.27271713037639 0.542078760809038 0.858104283730236 1.30103208259743 0.435880692736728 0.854069746282201 0.936534091346867 0.76051492617947 0.940433726992535 1.24128029850581 0.452147585937208 0.710355124682217 1.24977070276328 0.797579768962459 0.847831304942942 1.181870916556 0.561900774193898 0.872344682101353 1.09587906325947 0.571156904110938 1.00660926031316 1.18136302526002 0.456108309669374 0.916414292814152 1.47017070613346 0.618168775672642 0.959266331347529 1.05782469331433 0.553015798575224 0.966955789862972 1.25322077547477 0.620212848493443 0.802685239714968 1.32157164669691 0.694019810068328 1.1325737726961 1.21645659998281 0.593833323794733 0.492665561280146 1.12271515173497 0.475754886038561 1.02019813501039 1.08410597875109 0.478059962681449 0.682312369933598 1.27592636135963 0.683119657669937 0.769346173418192 1.10397361151773 0.618486553265732
"Guangzhou" 1.33689829213995 0.38399989391607 0.728168788273772 0.709305365063005 0 0.314001066440453 0.663190765930252 0.422135675139217 0.520063534660023 0.873902012849156 0.642502284820968 1.01810335623191 1.02455348304564 0.20771304198119 0.749229177319058 0.832215044644939 0.4481910618203 0.874516370393533 0.465504064035386 0.32315190427743 0.671069931530609 0.727483076135947 0.488123032238394 0.411508018896025 0.520280320055492 0.513682856066597 0.291378669340216 0.726317538365796 0.787943438308113 0.989862984833475 0.782369910201986 0.526896942007273 0.786039048262439 1.06917638659468 0.811778178427314 0.347987729603783 0.804676784671886 0.586743777581193 0.428269334954141 0.570117080958537 0.713120439168748 0.416892301678097 0.85689067677955 0.591935037540113 0.614432646188269 0.754416627334745 0.406962333266231 0.349810840085328 0.804381837116405 0.559057848186215 0.295586167096866 0.955066685200592 0.554174698638786 0.502542014170936 0.945224283988641 0.477594166849684 0.379976729039061 1.02385116683184 0.478972928159977 0.504078675247679 0.830906696586678 0.562468220224863 0.468602787201786 0.776256176708905 0.788042598218918 0.35930797866213 1.08185997377868 0.357735265349784 0.24899123683277 1.10141781392639 0.62443016587004 0.474549822038864 0.904302821249431 0.639923730637607 0.75559197082112 1.28372172687077 0.513006077786529 0.410693251968827 0.752316598836496 0.433488898860524 0.761675796290874 0.922971984402986 0.652287927216211 0.386448758805418 0.881720830323931 0.662820793618705 0.325344924929752 0.89197357187649 0.419719929930341 0.539619424237993
"Hong Kong" 1.02289722569949 0.813364910363477 0.20544972320035 0.659481911640141 0.314001066440453 0 0.559061806639505 0.73613674157967 0.20606246821957 0.559900946408703 0.956503351261421 0.0548639180006197 0.710552416605189 0.596286940666365 0.052833189169444 0.862649512635618 0.762192128260753 0.168986748263136 0.326728449430713 0.637152970717883 0.0478471546719369 0.661341707087931 0.995581366078155 0.0975069524555722 0.206279253615039 0.82768392250705 0.0226223971002365 0.69120362736442 1.10194450474857 0.0741610558707193 0.685240507326396 0.970579048170762 0.24903980906995 0.989517323658206 0.963360624275299 0.264321863048324 0.431182558285095 0.93732320697524 0.128508959352119 0.416875639205083 0.70794239896262 0.0517647297639569 0.437080371053495 1.11861988707172 0.226290802046833 0.26148394664018 0.386100967864544 0.387239339794053 0.209962132427841 0.938267223456329 0.0201152042138855 0.808281504060429 0.985883160579627 0.367384304340965 0.619941903316671 0.927530026098347 0.0952061251225575 0.743729305408655 0.64880704578424 0.0342662475896764 0.140532345955679 0.738624262772084 0.0827315266875311 0.200215781877273 1.21725829266459 0.178870683011686 0.736393623071329 0.819604197327548 0.120841184994236 0.767230631142187 0.832253357295325 0.12075352820582 0.602676575985609 1.03453596026682 0.0442515144845161 0.91104170600481 0.969760690931558 0.122464200536681 0.647900977321791 0.809109588873264 0.35674481265296 0.295646996614601 0.338181639359178 0.0125186669748312 0.702664990698745 0.822463814936247 0.281909251553755 0.622239025581774 0.775328167402141 0.0708193165686585
"Taipei" 0.463835419059988 0.974744672663074 1.10732302505104 0.419452887494337 0.663190765930252 0.559061806639505 0 1.29519854821918 0.352999338419935 0.000839139769197842 1.51556515790093 1.31734659917935 0.151490609965684 0.837600623633833 1.06066237406928 0.337487449124382 1.32125393490026 1.22427022647721 0.385898953532432 1.19621477735739 0.935338564811643 0.0731250677260712 1.1448347314463 0.461554854183933 0.352782553024466 1.38674572914655 0.581684203739742 0.131755327655913 1.66100631138807 1.29723677498304 0.129356087718952 1.08164116551139 0.945795936678051 0.427036847263884 1.15816466295146 0.827833468899533 0.376879662180069 1.06799517934882 0.811693021019426 0.10055309899212 0.98701248319825 0.752066296479392 0.438734141586345 1.1889237795374 0.760805615579542 0.445761444086649 0.687560125468982 0.89093886688444 0.532378022185314 1.06355671290836 0.567067793316274 0.338594162245505 1.0932875986838 0.990861968220491 0.436101235157611 1.05204072476288 0.749236618401787 0.475202288076181 0.871653740765204 0.821195635172135 0.601746339539038 0.946805702468434 0.703508334962995 0.510996312090643 1.27505097197858 0.786630911661285 0.558580812681624 1.0076192128826 0.658831486612611 0.569888679496547 1.01843377204609 0.846472933475705 0.389503586782566 1.1361225348625 1.02123093145363 0.747755109050765 1.08128161035529 0.793186595000845 0.101087199616041 0.967535283773931 0.85039245694449 0.603300850750236 0.755275166918407 0.673987440262444 0.286806932643426 1.02627818235462 0.821536585953214 0.358292350640773 0.943808523241012 0.875529179968637
"Osaka" 1.75903396727916 0.0772281687838066 0.53068701837932 1.39561865321981 0.422135675139217 0.73613674157967 1.29519854821918 0 0.94219920979924 1.29603768798837 0.220366609681751 0.681272823579051 1.44668915818486 0.139849800913305 0.683303552410226 1.59878625421529 0.0260553866810826 0.567149993316534 1.06286519101038 0.0989837708617869 0.783983896251607 1.3974784486676 0.259444624498485 0.833643694035242 0.942415995194709 0.0915471809273792 0.713514344479434 1.42734036894409 0.365807763168895 0.661975685708951 1.42137724890607 0.234442306591092 0.98517655064962 1.72565406523788 0.227223882695629 0.471814878531346 1.16731929986477 0.201186465395569 0.607627782227552 1.15301238078475 0.0281943426170506 0.684372011815713 1.17321711263317 0.382483145492051 0.962427543626504 0.99762068821985 0.350035773715126 0.348897401785617 0.946098874007511 0.202130481876659 0.756251945793556 1.5444182456401 0.249746418999957 0.368752437238705 1.35607864489634 0.191393284518677 0.640930616457113 1.47986604698833 0.0873296957954304 0.701870493989994 0.876669087535349 0.00248752119241358 0.818868268267201 0.936352523456944 0.481121551084917 0.557266058567985 1.472530364651 0.0834674557478776 0.615295556585435 1.50336737272186 0.0961166157156551 0.61538321337385 1.33881331756528 0.298399218687153 0.780388256064186 1.64717844758448 0.233623949351888 0.613672541042989 1.38403771890146 0.0729728472935936 1.09288155423263 1.03178373819427 0.397955102220492 0.748655408554501 1.43880173227842 0.0863270733565766 0.454227490025915 1.35837576716144 0.0391914258224707 0.665317425011012
"Singapore" 0.816834757479923 1.01942737858305 0.41151219141992 0.453419443420572 0.520063534660023 0.20606246821957 0.352999338419935 0.94219920979924 0 0.353838478189133 1.16256581948099 0.260926386220189 0.504489948385619 0.802349408885935 0.258895657389014 0.656587044416048 0.968254596480323 0.375049216482706 0.120665981211143 0.843215438937453 0.158215313547633 0.455279238868361 1.20164383429773 0.108555515763998 0.000216785395468804 1.03374639072662 0.228684865319806 0.485141159144851 1.30800697296814 0.280223524090289 0.479178039106826 1.17664151639033 0.0429773408503802 0.783454855438636 1.16942309249487 0.470384331267894 0.225120090065525 1.14338567519481 0.334571427571688 0.210813170985513 0.91400486718219 0.257827197983527 0.231017902833926 1.32468235529129 0.0202283338272635 0.0554214784206099 0.592163436084114 0.593301808013623 0.00389966420827091 1.1443296916759 0.185947264005684 0.602219035840859 1.1919456287992 0.573446772560535 0.413879435097101 1.13359249431792 0.301268593342127 0.537666837189085 0.85486951400381 0.240328715809246 0.065530122263891 0.944686730991654 0.123330941532039 0.00584668634229648 1.42332076088416 0.384933151231256 0.530331154851759 1.02566666554712 0.326903653213805 0.561168162922617 1.0383158255149 0.32681599642539 0.396614107766039 1.24059842848639 0.161810953735054 0.70497923778524 1.17582315915113 0.328526668756251 0.441838509102221 1.01517205709283 0.15068234443339 0.0895845283950315 0.544244107578748 0.193543801244739 0.496602522479175 1.02852628315582 0.487971719773325 0.416176557362204 0.981390635621711 0.276881784788228
"Bangkok" 0.46299627929079 1.37326585677218 0.765350669609053 0.0995809652314386 0.873902012849156 0.559900946408703 0.000839139769197842 1.29603768798837 0.353838478189133 0 1.51640429767012 0.614764864409323 0.150651470196486 1.15618788707507 0.612734135578147 0.302748566226915 1.32209307466946 0.728887694671839 0.23317249697799 1.19705391712659 0.512053791736766 0.101440760679228 1.55548231248686 0.462393993953131 0.353621692793664 1.38758486891575 0.582523343508939 0.131302680955718 1.66184545115727 0.634062002279422 0.125339560917693 1.53047999457947 0.310861137338753 0.429616377249503 1.523261570684 0.824222809457027 0.128718388123608 1.49722415338394 0.688409905760822 0.14302530720362 1.26784334537132 0.61166567617266 0.122820575355207 1.67852083348042 0.33361014436187 0.298416999768523 0.946001914273247 0.947140286202756 0.349938813980862 1.49816816986503 0.539785742194817 0.248380557651726 1.54578410698833 0.927285250749668 0.0600409569079677 1.48743097250705 0.65510707153126 0.183828358999952 1.20870799219294 0.594167193998379 0.419368600453024 1.29852520918079 0.477169419721172 0.35968516453143 1.77715923907329 0.738771629420389 0.176492676662626 1.37950514373625 0.680742131402938 0.207329684733484 1.39215430370403 0.680654474614523 0.0427756295769064 1.59443690667553 0.515649431924187 0.351140759596107 1.52966163734026 0.682365146945384 0.0880000309130879 1.36901053528197 0.203156133755743 0.264253949794102 0.898082585767881 0.547382279433872 0.142764044290042 1.38236476134495 0.841810197962458 0.0623380791730708 1.33522911381084 0.630720262977361
"Kuala Lumpur" 1.97940057696091 0.143138440897944 0.751053628061071 1.61598526290156 0.642502284820968 0.956503351261421 1.51556515790093 0.220366609681751 1.16256581948099 1.51640429767012 0 0.901639433260801 1.66705576786661 0.360216410595056 0.903670162091977 1.81915286389704 0.194311223000668 0.787516602998285 1.28323180069213 0.319350380543538 1.00435050593336 1.61784505834935 0.0390780148167342 1.05401030371699 1.16278260487646 0.128819428754372 0.933880954161185 1.64770697862584 0.145441153487144 0.882342295390702 1.64174385858782 0.0140756969093413 1.20554316033137 1.94602067491963 0.00685727301387839 0.692181488213097 1.38768590954652 0.0191801442861815 0.827994391909302 1.3733789904665 0.248560952298801 0.904738621497464 1.39358372231492 0.162116535810301 1.18279415330825 1.2179872979016 0.570402383396877 0.569264011467368 1.16646548368926 0.0182361278050922 0.976618555475307 1.76478485532185 0.029379809318206 0.589119046920456 1.57644525457809 0.0289733251630741 0.861297226138864 1.70023265667008 0.307696305477181 0.922237103671745 1.0970356972171 0.217879088489337 1.03923487794895 1.15671913313869 0.260754941403166 0.777632668249735 1.69289697433275 0.136899153933873 0.835662166267185 1.72373398240361 0.124249993966096 0.835749823055601 1.55917992724703 0.0780326090054024 1.00075486574594 1.86754505726623 0.0132573396701373 0.83403915072474 1.60440432858321 0.147393762388157 1.31324816391438 1.25215034787602 0.618321711902243 0.969022018236252 1.65916834196017 0.134039536325174 0.674594099707666 1.57874237684319 0.18117518385928 0.885684034692763
"Jakarta" 1.07776114370011 1.27108614366381 0.297102747341513 0.971931967413909 1.01810335623191 0.0548639180006197 1.31734659917935 0.681272823579051 0.260926386220189 0.614764864409323 0.901639433260801 0 0.765416334605809 1.12602252372948 0.275368898523912 1.17808950130962 0.707328210260133 0.155561781716128 0.934388838066465 0.582289052717264 0.387959715828377 1.3329182025911 1.13860664117817 0.152370870456192 0.261143171615658 0.77282000450643 0.0322415209003832 1.26602440570564 1.04708058674795 0.0295859187817686 1.43617022698343 1.40830551987337 0.388556730064832 1.71087819993587 1.79015374372342 0.671797928972228 1.64591829792548 1.52252357436364 0.596067423703994 1.286199719128 1.72105492492589 0.628098430513907 1.70969799148311 1.38657840510831 0.556952052884189 1.65195147090505 1.42462020412476 0.696380408282769 1.7256443729924 1.48256160551268 0.825546925172294 1.64992316920038 1.44540639039201 0.546983002784208 1.74427012028381 1.35042410823032 0.655045226238761 1.79197280692955 1.47874596912494 0.538027225930976 1.77309768471551 1.55421825602256 0.633638993493377 1.69692218220344 1.67814694668262 0.660950527997429 1.87358108981251 1.1271255510386 0.794663091366236 1.88612984031963 1.60418785843841 0.549008165476152 1.69698283695499 1.551863859587 0.297976052245144 2.0650987702826 1.381745338277 0.61561803324561 1.41321272025461 1.36556311507288 0.499133508425648 1.8344126290197 1.66563360430865 0.693222218452611 1.60407341560012 1.65013386580595 0.695703219098614 1.66939186334721 1.36427441269515 0.490119528109511
"Manila" 0.312344809094304 1.52391732696867 0.916002139805539 0.0510705049650476 1.02455348304564 0.710552416605189 0.151490609965684 1.44668915818486 0.504489948385619 0.150651470196486 1.66705576786661 0.765416334605809 0 1.30683935727155 0.763385605774633 0.152097096030429 1.47274454486594 0.879539164868325 0.383823967174476 1.34770538732307 0.662705261933252 0.049210709517258 1.70613378268334 0.613045464149617 0.50427316299015 1.53823633911224 0.733174813705425 0.0193487892407685 1.81249692135375 0.784713472475908 0.0253119092787929 1.68113146477595 0.461512607535239 0.278964907053017 1.67391304088049 0.974874279653513 0.279369858320094 1.64787562358043 0.839061375957308 0.293676777400106 1.41849481556781 0.762317146369146 0.273472045551694 1.82917230367691 0.484261614558356 0.449068469965009 1.09665338446973 1.09779175639924 0.500590284177348 1.64881964006152 0.690437212391304 0.0977290874552399 1.69643557718482 1.07793672094615 0.0906105132885184 1.63808244270354 0.805758541727746 0.0331768888034658 1.35935946238943 0.744818664194865 0.57002007064951 1.44917667937727 0.627820889917658 0.510336634727916 1.92781070926978 0.889423099616875 0.0258412064661402 1.53015661393274 0.831393601599424 0.0566782145369978 1.54280577390051 0.831305944811009 0.10787584061958 1.74508837687201 0.666300902120673 0.200489289399621 1.68031310753675 0.83301661714187 0.0626514392833982 1.51966200547845 0.353807603952229 0.414905419990588 1.04873405596437 0.698033749630358 0.00788742590644441 1.53301623154144 0.992461668158944 0.0883133910234153 1.48588058400733 0.781371733173847
"Hanoi" 1.61918416636586 0.179704355547569 0.828997570304565 0.916910441720148 0.20771304198119 0.596286940666365 0.837600623633833 0.139849800913305 0.802349408885935 1.15618788707507 0.360216410595056 1.12602252372948 1.30683935727155 0 0.872733069982487 1.0343895328564 0.165905187594388 0.973997578240881 0.673047493936138 0.0408660300515183 0.81665307687204 0.906144617753819 0.312892613182493 0.693793893121937 0.802566194281404 0.231396981840684 0.573664543566129 0.915023183243452 0.5056575640822 1.09670265085679 0.948003022819414 0.326785819084193 0.947540353053949 1.22146597128284 0.664745664881619 0.466961213794229 0.911652663251063 0.408590838069159 0.570767616970993 0.739479458447361 0.60418202394778 0.577824659070706 0.955061496272891 0.384222080104706 0.792775975518314 0.837694554748959 0.376839209098226 0.429648566599306 0.869498248786792 0.37422158861683 0.495224482872176 1.10046745921422 0.357495001991703 0.581563673394175 1.05948683644498 0.274038964046765 0.537750532284127 1.14439584711667 0.360827039752136 0.655355521770893 0.879658312761332 0.430102406080313 0.646423628997661 0.843832953285131 0.596765315479759 0.500199523787533 1.19150095462682 0.172730469453382 0.428478459192904 1.21258568134396 0.478180544579108 0.612471953332616 1.02333001661978 0.452494810125868 0.892751723306994 1.38853018370465 0.309815787071336 0.55717243865689 0.918536370777616 0.248830231024953 0.938686170864061 0.986571616348262 0.621979675623305 0.565928064367864 1.02415562483619 0.524355814928536 0.441987476287078 1.01702880116454 0.242343111983431 0.67953249158869
"Ho Chi Minh City" 1.07573041486894 1.02877272719451 0.107934736527511 0.749480967324793 0.749229177319058 0.052833189169444 1.06066237406928 0.683303552410226 0.258895657389014 0.612734135578147 0.903670162091977 0.275368898523912 0.763385605774633 0.872733069982487 0 0.959321852171498 0.709358939091309 0.164363356036831 0.674879583202956 0.584319781548439 0.127468941839955 1.08259637657849 0.930180988635508 0.150340141625016 0.259112442784483 0.774850733337606 0.0302107920692075 1.02142544736431 1.04911131557912 0.249569817579858 1.18336347004254 1.17143338118723 0.218865909258241 1.46658646653092 1.53691187962634 0.408276739318989 1.37746614716727 1.27704920566037 0.322888104434212 1.02228521783068 1.45811692382138 0.352730262032006 1.44083614905629 1.16579796146263 0.314529998614391 1.37939443015181 1.15418292760815 0.447697318020353 1.45202833502496 1.23900439253741 0.5508977671602 1.3971812497837 1.20758018194128 0.316373173374721 1.48086328861839 1.11342279506283 0.380240956046031 1.53256657349438 1.21773130026404 0.262793050819649 1.49859173828982 1.29588815684626 0.363622254717972 1.42323668161678 1.44520046667999 0.390060905564882 1.61238102130228 0.896189123757098 0.520155014058963 1.62587230135959 1.34938423112522 0.275875144652104 1.433675983546 1.31198954768935 0.0701129405775377 1.80698377688997 1.14651460080001 0.341957510186795 1.15886811523367 1.11794235024058 0.317505818687791 1.56178837151456 1.39286863342111 0.418775121236916 1.34708580908542 1.39359923296485 0.432999605968212 1.4073239980924 1.11424354769445 0.215000994544609
"Delhi" 0.160247713063875 1.19711555016947 1.0338436625385 0.209864610588826 0.832215044644939 0.862649512635618 0.337487449124382 1.59878625421529 0.656587044416048 0.302748566226915 1.81915286389704 1.17808950130962 0.152097096030429 1.0343895328564 0.959321852171498 0 1.62484164089637 1.1203765330187 0.389211679153994 1.4998024833535 0.833460658626867 0.287346632387237 1.31530314393497 0.765142560180046 0.656370259020579 1.69033343514267 0.885271909735854 0.206786203906983 1.96459401738418 1.16397889363588 0.375640549142124 1.32355491695212 0.789535068665381 0.567077710747333 1.4628413654615 0.86178348755203 0.696644813042557 1.33578581704078 0.801845825511793 0.407867258818413 1.29940501806402 0.737755984806218 0.753300998303501 1.41267337106059 0.645700070474698 0.779494834183923 0.978608393473185 0.942646841975538 0.865433353127284 1.32367218761184 0.616745463793167 0.55087697041498 1.34186632777801 0.994874912383637 0.715278493238774 1.28445624678253 0.752952121674524 0.722234494891643 1.15370785913905 0.775059974080144 0.935916472478486 1.23524441768082 0.657074393429604 0.845556674143585 1.54697963375082 0.80630364604296 0.809674713181476 1.18954612537619 0.72093638416117 0.81376573693318 1.30790916774169 0.820925663195293 0.674237910485552 1.40140618343153 0.903413074057523 0.966138334351564 1.31731300014617 0.788557236836146 0.372014321907518 1.21339681126454 0.679625986717413 0.925582952441819 1.08173629810647 0.668199035524812 0.54061173022775 1.32302068369417 0.865392409677503 0.638939192841693 1.19211681427578 0.824067691587726
"Mumbai" 1.78508935396025 0.051172782102724 0.556742405060403 1.42167403990089 0.4481910618203 0.762192128260753 1.32125393490026 0.0260553866810826 0.968254596480323 1.32209307466946 0.194311223000668 0.707328210260133 1.47274454486594 0.165905187594388 0.709358939091309 1.62484164089637 0 0.593205379997617 1.08892057769147 0.12503915754287 0.81003928293269 1.42353383534868 0.233389237817402 0.859699080716325 0.968471381875792 0.0654917942462966 0.739569731160516 1.45339575562517 0.339752376487812 0.688031072390034 1.44743263558715 0.208386919910009 1.0112319373307 1.75170945191896 0.201168496014547 0.497870265212429 1.19337468654585 0.175131078714487 0.633683168908634 1.17906776746584 0.0542497292981333 0.710427398496796 1.19927249931425 0.356427758810969 0.988482930307586 1.02367607490093 0.376091160396209 0.3749527884667 0.972154260688594 0.176075095195576 0.782307332474638 1.57047363232118 0.223691032318874 0.394807823919788 1.38213403157742 0.165337897837594 0.666986003138195 1.50592143366941 0.113385082476513 0.727925880671077 0.902724474216432 0.023567865488669 0.844923654948284 0.962407910138026 0.455066164403834 0.583321445249067 1.49858575133208 0.057412069066795 0.641350943266517 1.52942275940294 0.0700612290345725 0.641438600054933 1.36486870424636 0.272343832006071 0.806443642745269 1.67323383426556 0.207568562670805 0.639727927724072 1.41009310558254 0.046917460612511 1.11893694091371 1.05783912487535 0.424010488901575 0.774710795235584 1.4648571189595 0.0602716866754939 0.480282876706998 1.38443115384253 0.0131360391413881 0.691372811692094
"Kolkata" 1.19188397396263 1.1165909400376 0.146656208643276 0.910772642663376 0.874516370393533 0.168986748263136 1.22427022647721 0.567149993316534 0.375049216482706 0.728887694671839 0.787516602998285 0.155561781716128 0.879539164868325 0.973997578240881 0.164363356036831 1.1203765330187 0.593205379997617 0 0.838380613742895 0.468166222454747 0.291659810954849 1.24685692004029 0.983599931016536 0.266493700718708 0.375266001878175 0.658697174243914 0.146364351162899 1.18576626936916 0.932957756485429 0.12605545754736 1.34740768132681 1.25314354561447 0.351782849522504 1.63094901536137 1.63729192286774 0.52660640369664 1.53641502614802 1.36827237222919 0.461682197657602 1.18403412504599 1.57184757560814 0.501990948534892 1.5994252494466 1.23108531011642 0.477595867731903 1.53424012825562 1.28146963594507 0.544841530230739 1.60498592632568 1.32805866148692 0.703669964529659 1.56116011146909 1.29030234918199 0.393236984865181 1.64238553683853 1.19530304352327 0.52403302304721 1.69533012996362 1.32889967352935 0.41589286051417 1.64929823441856 1.40316399238064 0.524269699785038 1.57608696403613 1.52268156922217 0.5221607792372 1.77459719665812 0.971746437337268 0.661175308669709 1.78836183037215 1.45190835585891 0.41543581276244 1.59526974054681 1.39689226341229 0.217407138340559 1.96994515811618 1.22647964692818 0.481889404868063 1.32275408844605 1.21182070118126 0.46092475968811 1.71633681412612 1.52524712065742 0.573143424598204 1.51047323925135 1.49834828739323 0.54976089248794 1.56938100773903 1.21102901347236 0.363681423296447
"Chennai" 0.69616877626878 0.846386794479552 0.722884223283497 0.243897807844992 0.465504064035386 0.326728449430713 0.385898953532432 1.06286519101038 0.120665981211143 0.23317249697799 1.28323180069213 0.934388838066465 0.383823967174476 0.673047493936138 0.674879583202956 0.389211679153994 1.08892057769147 0.838380613742895 0 0.963881420148596 0.550045154583316 0.41289763741539 0.935479893862598 0.22922149697514 0.120449195815674 1.15441237193776 0.349350846530949 0.363464654483027 1.42867295417928 0.913429474037792 0.510270950267145 0.984006471282761 0.573494069588737 0.800290404576902 1.19785782149392 0.481602751623914 0.718858470244803 1.0213450686693 0.440564531657091 0.353406551474135 1.05735154176388 0.377682179910068 0.783251277985549 1.05714050385539 0.380998242859411 0.743587312478861 0.717516018801453 0.558591544418971 0.825014312984712 1.00128406351702 0.22805662661242 0.723448679005047 1.00761787314182 0.629531735329937 0.810134170041788 0.938400065868262 0.383001483277566 0.85832942212493 0.865821656479282 0.438668680343689 0.882995658435127 0.952270062519007 0.319118054552412 0.797759200478236 1.23090844431673 0.430305379322089 0.939291300349554 0.816052933392407 0.332293193583726 0.95212459734474 1.02311196087302 0.470014648764716 0.762840802770444 1.08196267861447 0.637086454864901 1.13237060083731 0.973115580267126 0.423967055937376 0.484857216547566 0.881186201234468 0.489550328387839 0.923272098966623 0.892789757130141 0.300952425437355 0.672207221562894 1.04921868279035 0.482280067244311 0.735007523499233 0.863081340574075 0.492662871757579
"Bangalore" 1.66005019641738 0.176211939645594 0.431703247517533 1.29663488235802 0.32315190427743 0.637152970717883 1.19621477735739 0.0989837708617869 0.843215438937453 1.19705391712659 0.319350380543538 0.582289052717264 1.34770538732307 0.0408660300515183 0.584319781548439 1.4998024833535 0.12503915754287 0.468166222454747 0.963881420148596 0 0.68500012538982 1.29849467780581 0.358428395360272 0.734659923173455 0.843432224332922 0.190530951789166 0.614530573617647 1.3283565980823 0.464791534030682 0.562991914847164 1.32239347804428 0.333426077452879 0.886192779787833 1.62667029437609 0.326207653557416 0.372831107669559 1.06833552900298 0.300170236257356 0.508644011365765 1.05402860992297 0.0707894282447363 0.585388240953926 1.07423334177138 0.481466916353838 0.863443772764717 0.898636917358063 0.251052002853339 0.24991363092383 0.847115103145724 0.301114252738446 0.657268174931769 1.44543447477831 0.348730189861744 0.269768666376918 1.25709487403455 0.290377055380464 0.541946845595326 1.38088227612654 0.0116540750663565 0.602886723128207 0.777685316673562 0.101471292054201 0.719884497405414 0.837368752595157 0.580105321946704 0.458282287706198 1.37354659378921 0.182451226609665 0.516311785723648 1.40438360186007 0.195100386577442 0.516399442512063 1.23982954670349 0.39738298954894 0.681404485202399 1.54819467672269 0.332607720213675 0.514688770181202 1.28505394803967 0.171956618155381 0.993897783370843 0.932799967332485 0.298971331358705 0.649671637692715 1.33981796141663 0.185310844218364 0.355243719164128 1.25939199629966 0.138175196684258 0.566333654149225
"Hyderabad" 0.975050071027556 0.982713985210261 0.20697961871186 0.623608124091652 0.671069931530609 0.0478471546719369 0.935338564811643 0.783983896251607 0.158215313547633 0.512053791736766 1.00435050593336 0.387959715828377 0.662705261933252 0.81665307687204 0.127468941839955 0.833460658626867 0.81003928293269 0.291659810954849 0.550045154583316 0.68500012538982 0 0.955957764392168 0.916085896418427 0.0496597977836353 0.158432098943102 0.875531077178986 0.0704695517721734 0.894149445593185 1.1497916594205 0.365186550696774 1.05720963233038 1.12901023970263 0.153399137000698 1.33942160066981 1.47475380318666 0.351983376273998 1.25808190736678 1.22502979990893 0.246549479964592 0.899760249935445 1.38417265274066 0.256840640326375 1.32180721911433 1.13777941027345 0.187847286185546 1.26468982751812 1.06911400448289 0.412258376828009 1.33926783795814 1.18929635170599 0.443175763421174 1.27111629925867 1.16385247091754 0.316907383424919 1.35827374962224 1.07155793829148 0.291440353183594 1.40833167008827 1.14783144859758 0.167138584239342 1.38815329420215 1.22901865288037 0.246262206533512 1.31064403908986 1.40389453541632 0.317459363512826 1.48884622121733 0.863540176453337 0.429103359357938 1.50197534626602 1.2865023730363 0.204315326778845 1.31102206974666 1.26529473974071 0.0915196743824226 1.68240714246607 1.10593747418376 0.261978895781723 1.03302286718824 1.06516426461246 0.219781210856058 1.44713816722101 1.30138965001858 0.311485217573672 1.22201174175092 1.32836248401487 0.376672017049589 1.28408577087484 1.05883153361461 0.137468575454862
"Ahmedabad" 0.361555518611562 1.04588335803195 1.13526532554577 0.402598865145912 0.727483076135947 0.661341707087931 0.0731250677260712 1.3974784486676 0.455279238868361 0.101440760679228 1.61784505834935 1.3329182025911 0.049210709517258 0.906144617753819 1.08259637657849 0.287346632387237 1.42353383534868 1.24685692004029 0.41289763741539 1.29849467780581 0.955957764392168 0 1.21165025469296 0.563834754632359 0.455062453472892 1.48902562959498 0.683964104188168 0.0847611009682032 1.7632862118365 1.3140140698492 0.105821634974893 1.15407736882885 0.954834764754629 0.387494258568789 1.22948535490812 0.873016078207695 0.410328435951726 1.14111527006045 0.848808120345424 0.173109839454738 1.0573920844523 0.787480253920827 0.468620036154631 1.26046604916089 0.776258629740774 0.492926628787734 0.760424753338756 0.939786336303896 0.578506733122292 1.1365843625929 0.610708152424419 0.317410410182432 1.16600650833874 1.03240045818519 0.445735797978175 1.12395096479003 0.787965070140351 0.471325711880423 0.944684750385024 0.851553792256527 0.649286136710806 1.0195864918443 0.731878808849907 0.559240306167729 1.34815511596737 0.828790456928765 0.557657667396483 1.07524333403204 0.706551117579634 0.566324253360041 1.09112175124318 0.881103078586679 0.401233025851395 1.20923334606116 1.03937526313621 0.73737244048948 1.15342618899964 0.831016151604275 0.0905012008394244 1.04004639611945 0.855042260115044 0.639263937720551 0.822441964077056 0.709631753554049 0.280557825912906 1.09849536888802 0.868353565733979 0.367340684693327 1.01640274524123 0.905559506934909
"Pune" 2.01847859177765 0.26214384555272 0.854641074940833 1.17405380652953 0.488123032238394 0.995581366078155 1.1448347314463 0.259444624498485 1.20164383429773 1.55548231248686 0.0390780148167342 1.13860664117817 1.70613378268334 0.312892613182493 0.930180988635508 1.31530314393497 0.233389237817402 0.983599931016536 0.935479893862598 0.358428395360272 0.916085896418427 1.21165025469296 0 1.09308831853373 1.20186061969319 0.167897443571106 0.972958968977919 1.21410481238968 0.10636313867041 1.10933749787601 1.25834172900906 0.327006656334918 1.06535667693711 1.53418031936657 0.747171167819942 0.582784572096699 1.2197517284508 0.466508358212377 0.696426139901273 1.04819053657287 0.761512691327344 0.730075877804841 1.26036609072184 0.255967248479792 0.953712286336723 1.1392827076798 0.645932582544693 0.507120486162317 1.1631497978059 0.422394483831257 0.725169057078487 1.41336005938371 0.362749843589101 0.613897527018464 1.3685513623642 0.281248797208434 0.691418840449023 1.45453642678683 0.551292294329467 0.781833429193691 1.16492842997847 0.582091822608986 0.818636236159969 1.13906195935697 0.5613141045889 0.637072784061363 1.49878456772776 0.140316297338308 0.632213835984038 1.52020948045654 0.594302377018578 0.724459243558866 1.33356977854001 0.465390917069364 0.971178780774885 1.6934574355526 0.297409706685694 0.690995340832818 1.22866319017861 0.35816703204357 1.08781522222281 1.27748713079438 0.864974504651248 0.749796272681805 1.33702900352432 0.645923455514457 0.561922043395655 1.32835276053951 0.37533039383235 0.784881733105981
"Jaipur" 0.925390273243921 0.910871862819049 0.302956675655923 0.561974959184569 0.411508018896025 0.0975069524555722 0.461554854183933 0.833643694035242 0.108555515763998 0.462393993953131 1.05401030371699 0.152370870456192 0.613045464149617 0.693793893121937 0.150340141625016 0.765142560180046 0.859699080716325 0.266493700718708 0.22922149697514 0.734659923173455 0.0496597977836353 0.563834754632359 1.09308831853373 0 0.108772301159466 0.925190874962622 0.120129349555809 0.593696674908848 1.19945145720414 0.171668008326291 0.587733554870824 1.06808600062633 0.151532856614378 0.892010371202634 1.06086757673087 0.361828815503896 0.333675605829523 1.03483015943081 0.226015911807691 0.319368686749511 0.805449351418192 0.149271682219529 0.339573418597923 1.21612683952729 0.128783849591261 0.163976994184608 0.483607920320116 0.484746292249625 0.112455179972269 1.0357741759119 0.0773917482416867 0.710774551604857 1.0833901130352 0.464891256796537 0.522434950861098 1.02503697855392 0.19271307757813 0.646222352953083 0.746313998239812 0.131773200045249 0.0430253935001067 0.836131215227656 0.0147754257680411 0.102708829421701 1.31476524512016 0.276377635467258 0.638886670615757 0.91711114978312 0.218348137449808 0.669723678686615 0.929760309750898 0.218260480661392 0.505169623530037 1.1320429127224 0.053255437971056 0.813534753549238 1.06726764338713 0.219971152992253 0.550394024866219 0.906616541328836 0.259237860197388 0.198140044159029 0.43568859181475 0.084988285480741 0.605158038243172 0.919970767391819 0.379416204009327 0.524732073126202 0.872835119857713 0.168326269024231
